tensor([[0.9944, 0.9944],
        [0.9888, 0.9888],
        [0.9987, 0.9987],
        [0.9973, 0.9973],
        [0.9966, 0.9966],
        [0.9907, 0.9907],
        [0.9924, 0.9924],
        [0.9985, 0.9985],
        [0.9959, 0.9959],
        [0.9870, 0.9870],
        [0.9967, 0.9967],
        [0.9960, 0.9960],
        [0.9868, 0.9868],
        [0.9912, 0.9912],
        [0.9917, 0.9917],
        [0.9906, 0.9906],
        [0.9959, 0.9959],
        [0.9944, 0.9944],
        [0.9895, 0.9895],
        [0.9987, 0.9987],
        [0.9967, 0.9967],
        [0.9984, 0.9984],
        [0.9973, 0.9973],
        [0.9980, 0.9980],
        [0.9879, 0.9879],
        [0.9916, 0.9916],
        [0.9975, 0.9975],
        [0.9980, 0.9980],
        [0.9911, 0.9911],
        [0.9957, 0.9957],
        [0.9930, 0.9930],
        [0.9915, 0.9915],
        [0.9952, 0.9952],
        [0.9968, 0.9968],
        [0.9978, 0.9978],
        [0.9915, 0.9915],
        [0.9943, 0.9943],
        [0.9951, 0.9951],
        [0.9758, 0.9758],
        [0.9976, 0.9976],
        [0.9846, 0.9846],
        [0.9778, 0.9778],
        [0.9959, 0.9959],
        [0.9950, 0.9950],
        [0.9948, 0.9948],
        [0.9903, 0.9903],
        [0.9959, 0.9959],
        [0.9957, 0.9957],
        [0.9940, 0.9940],
        [0.9903, 0.9903],
        [0.9906, 0.9906],
        [0.9884, 0.9884],
        [0.9722, 0.9722],
        [0.9881, 0.9881],
        [0.9966, 0.9966],
        [0.9975, 0.9975],
        [0.9969, 0.9969]])